Evol_info::
Nb_evol = 4
NMM	[11, 44]	[11, 44]	[11, 44]	[11, 44]	
Name	A	CI2bP	CI2I3	Ba	
time	[0.0, 2.0, 7.0, 10.0]	[0.0, 2.0, 7.0, 10.0]	[0.0, 2.0, 7.0, 10.0]	[0.0, 2.0, 7.0, 10.0]	
val	[2.0, 4.5, 2.0, 2.0]	[25.0, 0.0, 25.0, 25.0]	[20.0, 50.0, 20.0, 20.0]	[22.0, 15.0, 15.0, 22.0]	
typeinterp	zero	zero	zero	zero	
Add_Edit	True	False	False	False	
Model_info::
Model_Name = Model_NeoNMM.pop_Coalia
Nb_NMM = 67
A	2.0	2.0	2.0	2.0	2.0	2.0	2.0	2.0	2.0	2.0	2.0	2.0	2.0	2.0	2.0	2.0	2.0	2.0	2.0	2.0	2.0	2.0	2.0	2.0	2.0	2.0	2.0	2.0	2.0	2.0	2.0	2.0	2.0	2.0	2.0	2.0	2.0	2.0	2.0	2.0	2.0	2.0	2.0	2.0	2.0	2.0	2.0	2.0	2.0	2.0	2.0	2.0	2.0	2.0	2.0	2.0	2.0	2.0	2.0	2.0	2.0	2.0	2.0	2.0	2.0	2.0	2.0	
Bb	50.0	20.0	20.0	20.0	20.0	20.0	20.0	20.0	20.0	20.0	20.0	20.0	20.0	20.0	20.0	20.0	20.0	20.0	20.0	20.0	20.0	20.0	20.0	20.0	20.0	20.0	20.0	20.0	20.0	20.0	20.0	20.0	20.0	20.0	20.0	20.0	20.0	20.0	20.0	20.0	20.0	20.0	20.0	20.0	20.0	20.0	20.0	20.0	20.0	20.0	20.0	20.0	20.0	20.0	20.0	20.0	20.0	20.0	20.0	20.0	20.0	20.0	20.0	20.0	20.0	20.0	20.0	
Ba	0.0	22.0	22.0	22.0	22.0	22.0	22.0	22.0	22.0	22.0	22.0	22.0	22.0	22.0	22.0	22.0	22.0	22.0	22.0	22.0	22.0	22.0	22.0	22.0	22.0	22.0	22.0	22.0	22.0	22.0	22.0	22.0	22.0	22.0	22.0	22.0	22.0	22.0	22.0	22.0	22.0	22.0	22.0	22.0	22.0	22.0	22.0	22.0	22.0	22.0	22.0	22.0	22.0	22.0	22.0	22.0	22.0	22.0	22.0	22.0	22.0	22.0	22.0	22.0	22.0	22.0	22.0	
G	20.0	30.0	30.0	30.0	30.0	30.0	30.0	30.0	30.0	30.0	30.0	30.0	30.0	30.0	30.0	30.0	30.0	30.0	30.0	30.0	30.0	30.0	30.0	30.0	30.0	30.0	30.0	30.0	30.0	30.0	30.0	30.0	30.0	30.0	30.0	30.0	30.0	30.0	30.0	30.0	30.0	30.0	30.0	30.0	30.0	30.0	30.0	30.0	30.0	30.0	30.0	30.0	30.0	30.0	30.0	30.0	30.0	30.0	30.0	30.0	30.0	30.0	30.0	30.0	30.0	30.0	30.0	
D	0.0	5.0	5.0	5.0	5.0	5.0	5.0	5.0	5.0	5.0	5.0	5.0	5.0	5.0	5.0	5.0	5.0	5.0	5.0	5.0	5.0	5.0	5.0	5.0	5.0	5.0	5.0	5.0	5.0	5.0	5.0	5.0	5.0	5.0	5.0	5.0	5.0	5.0	5.0	5.0	5.0	5.0	5.0	5.0	5.0	5.0	5.0	5.0	5.0	5.0	5.0	5.0	5.0	5.0	5.0	5.0	5.0	5.0	5.0	5.0	5.0	5.0	5.0	5.0	5.0	5.0	5.0	
R	0.0	5.0	5.0	5.0	5.0	5.0	5.0	5.0	5.0	5.0	5.0	5.0	5.0	5.0	5.0	5.0	5.0	5.0	5.0	5.0	5.0	5.0	5.0	5.0	5.0	5.0	5.0	5.0	5.0	5.0	5.0	5.0	5.0	5.0	5.0	5.0	5.0	5.0	5.0	5.0	5.0	5.0	5.0	5.0	5.0	5.0	5.0	5.0	5.0	5.0	5.0	5.0	5.0	5.0	5.0	5.0	5.0	5.0	5.0	5.0	5.0	5.0	5.0	5.0	5.0	5.0	5.0	
a1	100.0	100.0	100.0	100.0	100.0	100.0	100.0	100.0	100.0	100.0	100.0	100.0	100.0	100.0	100.0	100.0	100.0	100.0	100.0	100.0	100.0	100.0	100.0	100.0	100.0	100.0	100.0	100.0	100.0	100.0	100.0	100.0	100.0	100.0	100.0	100.0	100.0	100.0	100.0	100.0	100.0	100.0	100.0	100.0	100.0	100.0	100.0	100.0	100.0	100.0	100.0	100.0	100.0	100.0	100.0	100.0	100.0	100.0	100.0	100.0	100.0	100.0	100.0	100.0	100.0	100.0	100.0	
a2	100.0	100.0	100.0	100.0	100.0	100.0	100.0	100.0	100.0	100.0	100.0	100.0	100.0	100.0	100.0	100.0	100.0	100.0	100.0	100.0	100.0	100.0	100.0	100.0	100.0	100.0	100.0	100.0	100.0	100.0	100.0	100.0	100.0	100.0	100.0	100.0	100.0	100.0	100.0	100.0	100.0	100.0	100.0	100.0	100.0	100.0	100.0	100.0	100.0	100.0	100.0	100.0	100.0	100.0	100.0	100.0	100.0	100.0	100.0	100.0	100.0	100.0	100.0	100.0	100.0	100.0	100.0	
bb1	50.0	50.0	50.0	50.0	50.0	50.0	50.0	50.0	50.0	50.0	50.0	50.0	50.0	50.0	50.0	50.0	50.0	50.0	50.0	50.0	50.0	50.0	50.0	50.0	50.0	50.0	50.0	50.0	50.0	50.0	50.0	50.0	50.0	50.0	50.0	50.0	50.0	50.0	50.0	50.0	50.0	50.0	50.0	50.0	50.0	50.0	50.0	50.0	50.0	50.0	50.0	50.0	50.0	50.0	50.0	50.0	50.0	50.0	50.0	50.0	50.0	50.0	50.0	50.0	50.0	50.0	50.0	
bb2	50.0	50.0	50.0	50.0	50.0	50.0	50.0	50.0	50.0	50.0	50.0	50.0	50.0	50.0	50.0	50.0	50.0	50.0	50.0	50.0	50.0	50.0	50.0	50.0	50.0	50.0	50.0	50.0	50.0	50.0	50.0	50.0	50.0	50.0	50.0	50.0	50.0	50.0	50.0	50.0	50.0	50.0	50.0	50.0	50.0	50.0	50.0	50.0	50.0	50.0	50.0	50.0	50.0	50.0	50.0	50.0	50.0	50.0	50.0	50.0	50.0	50.0	50.0	50.0	50.0	50.0	50.0	
ba1	30.0	30.0	30.0	30.0	30.0	30.0	30.0	30.0	30.0	30.0	30.0	30.0	30.0	30.0	30.0	30.0	30.0	30.0	30.0	30.0	30.0	30.0	30.0	30.0	30.0	30.0	30.0	30.0	30.0	30.0	30.0	30.0	30.0	30.0	30.0	30.0	30.0	30.0	30.0	30.0	30.0	30.0	30.0	30.0	30.0	30.0	30.0	30.0	30.0	30.0	30.0	30.0	30.0	30.0	30.0	30.0	30.0	30.0	30.0	30.0	30.0	30.0	30.0	30.0	30.0	30.0	30.0	
ba2	30.0	30.0	30.0	30.0	30.0	30.0	30.0	30.0	30.0	30.0	30.0	30.0	30.0	30.0	30.0	30.0	30.0	30.0	30.0	30.0	30.0	30.0	30.0	30.0	30.0	30.0	30.0	30.0	30.0	30.0	30.0	30.0	30.0	30.0	30.0	30.0	30.0	30.0	30.0	30.0	30.0	30.0	30.0	30.0	30.0	30.0	30.0	30.0	30.0	30.0	30.0	30.0	30.0	30.0	30.0	30.0	30.0	30.0	30.0	30.0	30.0	30.0	30.0	30.0	30.0	30.0	30.0	
g1	150.0	150.0	150.0	150.0	150.0	150.0	150.0	150.0	150.0	150.0	150.0	150.0	150.0	150.0	150.0	150.0	150.0	150.0	150.0	150.0	150.0	150.0	150.0	150.0	150.0	150.0	150.0	150.0	150.0	150.0	150.0	150.0	150.0	150.0	150.0	150.0	150.0	150.0	150.0	150.0	150.0	150.0	150.0	150.0	150.0	150.0	150.0	150.0	150.0	150.0	150.0	150.0	150.0	150.0	150.0	150.0	150.0	150.0	150.0	150.0	150.0	150.0	150.0	150.0	150.0	150.0	150.0	
g2	150.0	150.0	150.0	150.0	150.0	150.0	150.0	150.0	150.0	150.0	150.0	150.0	150.0	150.0	150.0	150.0	150.0	150.0	150.0	150.0	150.0	150.0	150.0	150.0	150.0	150.0	150.0	150.0	150.0	150.0	150.0	150.0	150.0	150.0	150.0	150.0	150.0	150.0	150.0	150.0	150.0	150.0	150.0	150.0	150.0	150.0	150.0	150.0	150.0	150.0	150.0	150.0	150.0	150.0	150.0	150.0	150.0	150.0	150.0	150.0	150.0	150.0	150.0	150.0	150.0	150.0	150.0	
d1	20.0	20.0	20.0	20.0	20.0	20.0	20.0	20.0	20.0	20.0	20.0	20.0	20.0	20.0	20.0	20.0	20.0	20.0	20.0	20.0	20.0	20.0	20.0	20.0	20.0	20.0	20.0	20.0	20.0	20.0	20.0	20.0	20.0	20.0	20.0	20.0	20.0	20.0	20.0	20.0	20.0	20.0	20.0	20.0	20.0	20.0	20.0	20.0	20.0	20.0	20.0	20.0	20.0	20.0	20.0	20.0	20.0	20.0	20.0	20.0	20.0	20.0	20.0	20.0	20.0	20.0	20.0	
d2	20.0	20.0	20.0	20.0	20.0	20.0	20.0	20.0	20.0	20.0	20.0	20.0	20.0	20.0	20.0	20.0	20.0	20.0	20.0	20.0	20.0	20.0	20.0	20.0	20.0	20.0	20.0	20.0	20.0	20.0	20.0	20.0	20.0	20.0	20.0	20.0	20.0	20.0	20.0	20.0	20.0	20.0	20.0	20.0	20.0	20.0	20.0	20.0	20.0	20.0	20.0	20.0	20.0	20.0	20.0	20.0	20.0	20.0	20.0	20.0	20.0	20.0	20.0	20.0	20.0	20.0	20.0	
r1	5.0	5.0	5.0	5.0	5.0	5.0	5.0	5.0	5.0	5.0	5.0	5.0	5.0	5.0	5.0	5.0	5.0	5.0	5.0	5.0	5.0	5.0	5.0	5.0	5.0	5.0	5.0	5.0	5.0	5.0	5.0	5.0	5.0	5.0	5.0	5.0	5.0	5.0	5.0	5.0	5.0	5.0	5.0	5.0	5.0	5.0	5.0	5.0	5.0	5.0	5.0	5.0	5.0	5.0	5.0	5.0	5.0	5.0	5.0	5.0	5.0	5.0	5.0	5.0	5.0	5.0	5.0	
r2	5.0	5.0	5.0	5.0	5.0	5.0	5.0	5.0	5.0	5.0	5.0	5.0	5.0	5.0	5.0	5.0	5.0	5.0	5.0	5.0	5.0	5.0	5.0	5.0	5.0	5.0	5.0	5.0	5.0	5.0	5.0	5.0	5.0	5.0	5.0	5.0	5.0	5.0	5.0	5.0	5.0	5.0	5.0	5.0	5.0	5.0	5.0	5.0	5.0	5.0	5.0	5.0	5.0	5.0	5.0	5.0	5.0	5.0	5.0	5.0	5.0	5.0	5.0	5.0	5.0	5.0	5.0	
CPP	0.0	0.0	0.0	0.0	0.0	0.0	0.0	0.0	0.0	0.0	0.0	0.0	0.0	0.0	0.0	0.0	0.0	0.0	0.0	0.0	0.0	0.0	0.0	0.0	0.0	0.0	0.0	0.0	0.0	0.0	0.0	0.0	0.0	0.0	0.0	0.0	0.0	0.0	0.0	0.0	0.0	0.0	0.0	0.0	0.0	0.0	0.0	0.0	0.0	0.0	0.0	0.0	0.0	0.0	0.0	0.0	0.0	0.0	0.0	0.0	0.0	0.0	0.0	0.0	0.0	0.0	0.0	
CP1P	100.0	100.0	100.0	100.0	100.0	100.0	100.0	100.0	100.0	100.0	100.0	100.0	100.0	100.0	100.0	100.0	100.0	100.0	100.0	100.0	100.0	100.0	100.0	100.0	100.0	100.0	100.0	100.0	100.0	100.0	100.0	100.0	100.0	100.0	100.0	100.0	100.0	100.0	100.0	100.0	100.0	100.0	100.0	100.0	100.0	100.0	100.0	100.0	100.0	100.0	100.0	100.0	100.0	100.0	100.0	100.0	100.0	100.0	100.0	100.0	100.0	100.0	100.0	100.0	100.0	100.0	100.0	
CI1P	50.0	50.0	50.0	50.0	50.0	50.0	50.0	50.0	50.0	50.0	50.0	50.0	50.0	50.0	50.0	50.0	50.0	50.0	50.0	50.0	50.0	50.0	50.0	50.0	50.0	50.0	50.0	50.0	50.0	50.0	50.0	50.0	50.0	50.0	50.0	50.0	50.0	50.0	50.0	50.0	50.0	50.0	50.0	50.0	50.0	50.0	50.0	50.0	50.0	50.0	50.0	50.0	50.0	50.0	50.0	50.0	50.0	50.0	50.0	50.0	50.0	50.0	50.0	50.0	50.0	50.0	50.0	
CI2aP	0.0	25.0	25.0	25.0	25.0	25.0	25.0	25.0	25.0	25.0	25.0	25.0	25.0	25.0	25.0	25.0	25.0	25.0	25.0	25.0	25.0	25.0	25.0	25.0	25.0	25.0	25.0	25.0	25.0	25.0	25.0	25.0	25.0	25.0	25.0	25.0	25.0	25.0	25.0	25.0	25.0	25.0	25.0	25.0	25.0	25.0	25.0	25.0	25.0	25.0	25.0	25.0	25.0	25.0	25.0	25.0	25.0	25.0	25.0	25.0	25.0	25.0	25.0	25.0	25.0	25.0	25.0	
CI2bP	40.0	25.0	25.0	25.0	25.0	25.0	25.0	25.0	25.0	25.0	25.0	25.0	25.0	25.0	25.0	25.0	25.0	25.0	25.0	25.0	25.0	25.0	25.0	25.0	25.0	25.0	25.0	25.0	25.0	25.0	25.0	25.0	25.0	25.0	25.0	25.0	25.0	25.0	25.0	25.0	25.0	25.0	25.0	25.0	25.0	25.0	25.0	25.0	25.0	25.0	25.0	25.0	25.0	25.0	25.0	25.0	25.0	25.0	25.0	25.0	25.0	25.0	25.0	25.0	25.0	25.0	25.0	
CI4P	0.0	0.0	0.0	0.0	0.0	0.0	0.0	0.0	0.0	0.0	0.0	0.0	0.0	0.0	0.0	0.0	0.0	0.0	0.0	0.0	0.0	0.0	0.0	0.0	0.0	0.0	0.0	0.0	0.0	0.0	0.0	0.0	0.0	0.0	0.0	0.0	0.0	0.0	0.0	0.0	0.0	0.0	0.0	0.0	0.0	0.0	0.0	0.0	0.0	0.0	0.0	0.0	0.0	0.0	0.0	0.0	0.0	0.0	0.0	0.0	0.0	0.0	0.0	0.0	0.0	0.0	0.0	
CPP1	100.0	135.0	135.0	135.0	135.0	135.0	135.0	135.0	135.0	135.0	135.0	135.0	135.0	135.0	135.0	135.0	135.0	135.0	135.0	135.0	135.0	135.0	135.0	135.0	135.0	135.0	135.0	135.0	135.0	135.0	135.0	135.0	135.0	135.0	135.0	135.0	135.0	135.0	135.0	135.0	135.0	135.0	135.0	135.0	135.0	135.0	135.0	135.0	135.0	135.0	135.0	135.0	135.0	135.0	135.0	135.0	135.0	135.0	135.0	135.0	135.0	135.0	135.0	135.0	135.0	135.0	135.0	
CPI1	50.0	50.0	50.0	50.0	50.0	50.0	50.0	50.0	50.0	50.0	50.0	50.0	50.0	50.0	50.0	50.0	50.0	50.0	50.0	50.0	50.0	50.0	50.0	50.0	50.0	50.0	50.0	50.0	50.0	50.0	50.0	50.0	50.0	50.0	50.0	50.0	50.0	50.0	50.0	50.0	50.0	50.0	50.0	50.0	50.0	50.0	50.0	50.0	50.0	50.0	50.0	50.0	50.0	50.0	50.0	50.0	50.0	50.0	50.0	50.0	50.0	50.0	50.0	50.0	50.0	50.0	50.0	
CI1I1	0.0	200.0	200.0	200.0	200.0	200.0	200.0	200.0	200.0	200.0	200.0	200.0	200.0	200.0	200.0	200.0	200.0	200.0	200.0	200.0	200.0	200.0	200.0	200.0	200.0	200.0	200.0	200.0	200.0	200.0	200.0	200.0	200.0	200.0	200.0	200.0	200.0	200.0	200.0	200.0	200.0	200.0	200.0	200.0	200.0	200.0	200.0	200.0	200.0	200.0	200.0	200.0	200.0	200.0	200.0	200.0	200.0	200.0	200.0	200.0	200.0	200.0	200.0	200.0	200.0	200.0	200.0	
CI1bI1	0.0	0.0	0.0	0.0	0.0	0.0	0.0	0.0	0.0	0.0	0.0	0.0	0.0	0.0	0.0	0.0	0.0	0.0	0.0	0.0	0.0	0.0	0.0	0.0	0.0	0.0	0.0	0.0	0.0	0.0	0.0	0.0	0.0	0.0	0.0	0.0	0.0	0.0	0.0	0.0	0.0	0.0	0.0	0.0	0.0	0.0	0.0	0.0	0.0	0.0	0.0	0.0	0.0	0.0	0.0	0.0	0.0	0.0	0.0	0.0	0.0	0.0	0.0	0.0	0.0	0.0	0.0	
CI2I1	13.5	13.5	13.5	13.5	13.5	13.5	13.5	13.5	13.5	13.5	13.5	13.5	13.5	13.5	13.5	13.5	13.5	13.5	13.5	13.5	13.5	13.5	13.5	13.5	13.5	13.5	13.5	13.5	13.5	13.5	13.5	13.5	13.5	13.5	13.5	13.5	13.5	13.5	13.5	13.5	13.5	13.5	13.5	13.5	13.5	13.5	13.5	13.5	13.5	13.5	13.5	13.5	13.5	13.5	13.5	13.5	13.5	13.5	13.5	13.5	13.5	13.5	13.5	13.5	13.5	13.5	13.5	
CI4I1	0.0	0.0	0.0	0.0	0.0	0.0	0.0	0.0	0.0	0.0	0.0	0.0	0.0	0.0	0.0	0.0	0.0	0.0	0.0	0.0	0.0	0.0	0.0	0.0	0.0	0.0	0.0	0.0	0.0	0.0	0.0	0.0	0.0	0.0	0.0	0.0	0.0	0.0	0.0	0.0	0.0	0.0	0.0	0.0	0.0	0.0	0.0	0.0	0.0	0.0	0.0	0.0	0.0	0.0	0.0	0.0	0.0	0.0	0.0	0.0	0.0	0.0	0.0	0.0	0.0	0.0	0.0	
CPI1b	0.0	0.0	0.0	0.0	0.0	0.0	0.0	0.0	0.0	0.0	0.0	0.0	0.0	0.0	0.0	0.0	0.0	0.0	0.0	0.0	0.0	0.0	0.0	0.0	0.0	0.0	0.0	0.0	0.0	0.0	0.0	0.0	0.0	0.0	0.0	0.0	0.0	0.0	0.0	0.0	0.0	0.0	0.0	0.0	0.0	0.0	0.0	0.0	0.0	0.0	0.0	0.0	0.0	0.0	0.0	0.0	0.0	0.0	0.0	0.0	0.0	0.0	0.0	0.0	0.0	0.0	0.0	
CI1I1b	0.0	0.0	0.0	0.0	0.0	0.0	0.0	0.0	0.0	0.0	0.0	0.0	0.0	0.0	0.0	0.0	0.0	0.0	0.0	0.0	0.0	0.0	0.0	0.0	0.0	0.0	0.0	0.0	0.0	0.0	0.0	0.0	0.0	0.0	0.0	0.0	0.0	0.0	0.0	0.0	0.0	0.0	0.0	0.0	0.0	0.0	0.0	0.0	0.0	0.0	0.0	0.0	0.0	0.0	0.0	0.0	0.0	0.0	0.0	0.0	0.0	0.0	0.0	0.0	0.0	0.0	0.0	
CPI2	25.0	25.0	25.0	25.0	25.0	25.0	25.0	25.0	25.0	25.0	25.0	25.0	25.0	25.0	25.0	25.0	25.0	25.0	25.0	25.0	25.0	25.0	25.0	25.0	25.0	25.0	25.0	25.0	25.0	25.0	25.0	25.0	25.0	25.0	25.0	25.0	25.0	25.0	25.0	25.0	25.0	25.0	25.0	25.0	25.0	25.0	25.0	25.0	25.0	25.0	25.0	25.0	25.0	25.0	25.0	25.0	25.0	25.0	25.0	25.0	25.0	25.0	25.0	25.0	25.0	25.0	25.0	
CI3I2	0.0	20.0	20.0	20.0	20.0	20.0	20.0	20.0	20.0	20.0	20.0	20.0	20.0	20.0	20.0	20.0	20.0	20.0	20.0	20.0	20.0	20.0	20.0	20.0	20.0	20.0	20.0	20.0	20.0	20.0	20.0	20.0	20.0	20.0	20.0	20.0	20.0	20.0	20.0	20.0	20.0	20.0	20.0	20.0	20.0	20.0	20.0	20.0	20.0	20.0	20.0	20.0	20.0	20.0	20.0	20.0	20.0	20.0	20.0	20.0	20.0	20.0	20.0	20.0	20.0	20.0	20.0	
CI4I2	0.0	0.0	0.0	0.0	0.0	0.0	0.0	0.0	0.0	0.0	0.0	0.0	0.0	0.0	0.0	0.0	0.0	0.0	0.0	0.0	0.0	0.0	0.0	0.0	0.0	0.0	0.0	0.0	0.0	0.0	0.0	0.0	0.0	0.0	0.0	0.0	0.0	0.0	0.0	0.0	0.0	0.0	0.0	0.0	0.0	0.0	0.0	0.0	0.0	0.0	0.0	0.0	0.0	0.0	0.0	0.0	0.0	0.0	0.0	0.0	0.0	0.0	0.0	0.0	0.0	0.0	0.0	
CPI3	0.0	0.0	0.0	0.0	0.0	0.0	0.0	0.0	0.0	0.0	0.0	0.0	0.0	0.0	0.0	0.0	0.0	0.0	0.0	0.0	0.0	0.0	0.0	0.0	0.0	0.0	0.0	0.0	0.0	0.0	0.0	0.0	0.0	0.0	0.0	0.0	0.0	0.0	0.0	0.0	0.0	0.0	0.0	0.0	0.0	0.0	0.0	0.0	0.0	0.0	0.0	0.0	0.0	0.0	0.0	0.0	0.0	0.0	0.0	0.0	0.0	0.0	0.0	0.0	0.0	0.0	0.0	
CI2I3	0.0	20.0	20.0	20.0	20.0	20.0	20.0	20.0	20.0	20.0	20.0	20.0	20.0	20.0	20.0	20.0	20.0	20.0	20.0	20.0	20.0	20.0	20.0	20.0	20.0	20.0	20.0	20.0	20.0	20.0	20.0	20.0	20.0	20.0	20.0	20.0	20.0	20.0	20.0	20.0	20.0	20.0	20.0	20.0	20.0	20.0	20.0	20.0	20.0	20.0	20.0	20.0	20.0	20.0	20.0	20.0	20.0	20.0	20.0	20.0	20.0	20.0	20.0	20.0	20.0	20.0	20.0	
CI4I3	0.0	0.0	0.0	0.0	0.0	0.0	0.0	0.0	0.0	0.0	0.0	0.0	0.0	0.0	0.0	0.0	0.0	0.0	0.0	0.0	0.0	0.0	0.0	0.0	0.0	0.0	0.0	0.0	0.0	0.0	0.0	0.0	0.0	0.0	0.0	0.0	0.0	0.0	0.0	0.0	0.0	0.0	0.0	0.0	0.0	0.0	0.0	0.0	0.0	0.0	0.0	0.0	0.0	0.0	0.0	0.0	0.0	0.0	0.0	0.0	0.0	0.0	0.0	0.0	0.0	0.0	0.0	
CI2I4	0.0	0.0	0.0	0.0	0.0	0.0	0.0	0.0	0.0	0.0	0.0	0.0	0.0	0.0	0.0	0.0	0.0	0.0	0.0	0.0	0.0	0.0	0.0	0.0	0.0	0.0	0.0	0.0	0.0	0.0	0.0	0.0	0.0	0.0	0.0	0.0	0.0	0.0	0.0	0.0	0.0	0.0	0.0	0.0	0.0	0.0	0.0	0.0	0.0	0.0	0.0	0.0	0.0	0.0	0.0	0.0	0.0	0.0	0.0	0.0	0.0	0.0	0.0	0.0	0.0	0.0	0.0	
CI4I4	0.0	0.0	0.0	0.0	0.0	0.0	0.0	0.0	0.0	0.0	0.0	0.0	0.0	0.0	0.0	0.0	0.0	0.0	0.0	0.0	0.0	0.0	0.0	0.0	0.0	0.0	0.0	0.0	0.0	0.0	0.0	0.0	0.0	0.0	0.0	0.0	0.0	0.0	0.0	0.0	0.0	0.0	0.0	0.0	0.0	0.0	0.0	0.0	0.0	0.0	0.0	0.0	0.0	0.0	0.0	0.0	0.0	0.0	0.0	0.0	0.0	0.0	0.0	0.0	0.0	0.0	0.0	
CI4bI4	0.0	0.0	0.0	0.0	0.0	0.0	0.0	0.0	0.0	0.0	0.0	0.0	0.0	0.0	0.0	0.0	0.0	0.0	0.0	0.0	0.0	0.0	0.0	0.0	0.0	0.0	0.0	0.0	0.0	0.0	0.0	0.0	0.0	0.0	0.0	0.0	0.0	0.0	0.0	0.0	0.0	0.0	0.0	0.0	0.0	0.0	0.0	0.0	0.0	0.0	0.0	0.0	0.0	0.0	0.0	0.0	0.0	0.0	0.0	0.0	0.0	0.0	0.0	0.0	0.0	0.0	0.0	
CI4I4b	0.0	0.0	0.0	0.0	0.0	0.0	0.0	0.0	0.0	0.0	0.0	0.0	0.0	0.0	0.0	0.0	0.0	0.0	0.0	0.0	0.0	0.0	0.0	0.0	0.0	0.0	0.0	0.0	0.0	0.0	0.0	0.0	0.0	0.0	0.0	0.0	0.0	0.0	0.0	0.0	0.0	0.0	0.0	0.0	0.0	0.0	0.0	0.0	0.0	0.0	0.0	0.0	0.0	0.0	0.0	0.0	0.0	0.0	0.0	0.0	0.0	0.0	0.0	0.0	0.0	0.0	0.0	
Pv0	6.0	6.0	6.0	6.0	6.0	6.0	6.0	6.0	6.0	6.0	6.0	6.0	6.0	6.0	6.0	6.0	6.0	6.0	6.0	6.0	6.0	6.0	6.0	6.0	6.0	6.0	6.0	6.0	6.0	6.0	6.0	6.0	6.0	6.0	6.0	6.0	6.0	6.0	6.0	6.0	6.0	6.0	6.0	6.0	6.0	6.0	6.0	6.0	6.0	6.0	6.0	6.0	6.0	6.0	6.0	6.0	6.0	6.0	6.0	6.0	6.0	6.0	6.0	6.0	6.0	6.0	6.0	
I1v0	6.0	6.0	6.0	6.0	6.0	6.0	6.0	6.0	6.0	6.0	6.0	6.0	6.0	6.0	6.0	6.0	6.0	6.0	6.0	6.0	6.0	6.0	6.0	6.0	6.0	6.0	6.0	6.0	6.0	6.0	6.0	6.0	6.0	6.0	6.0	6.0	6.0	6.0	6.0	6.0	6.0	6.0	6.0	6.0	6.0	6.0	6.0	6.0	6.0	6.0	6.0	6.0	6.0	6.0	6.0	6.0	6.0	6.0	6.0	6.0	6.0	6.0	6.0	6.0	6.0	6.0	6.0	
I2v0	6.0	6.0	6.0	6.0	6.0	6.0	6.0	6.0	6.0	6.0	6.0	6.0	6.0	6.0	6.0	6.0	6.0	6.0	6.0	6.0	6.0	6.0	6.0	6.0	6.0	6.0	6.0	6.0	6.0	6.0	6.0	6.0	6.0	6.0	6.0	6.0	6.0	6.0	6.0	6.0	6.0	6.0	6.0	6.0	6.0	6.0	6.0	6.0	6.0	6.0	6.0	6.0	6.0	6.0	6.0	6.0	6.0	6.0	6.0	6.0	6.0	6.0	6.0	6.0	6.0	6.0	6.0	
I3v0	6.0	6.0	6.0	6.0	6.0	6.0	6.0	6.0	6.0	6.0	6.0	6.0	6.0	6.0	6.0	6.0	6.0	6.0	6.0	6.0	6.0	6.0	6.0	6.0	6.0	6.0	6.0	6.0	6.0	6.0	6.0	6.0	6.0	6.0	6.0	6.0	6.0	6.0	6.0	6.0	6.0	6.0	6.0	6.0	6.0	6.0	6.0	6.0	6.0	6.0	6.0	6.0	6.0	6.0	6.0	6.0	6.0	6.0	6.0	6.0	6.0	6.0	6.0	6.0	6.0	6.0	6.0	
I4v0	6.0	6.0	6.0	6.0	6.0	6.0	6.0	6.0	6.0	6.0	6.0	6.0	6.0	6.0	6.0	6.0	6.0	6.0	6.0	6.0	6.0	6.0	6.0	6.0	6.0	6.0	6.0	6.0	6.0	6.0	6.0	6.0	6.0	6.0	6.0	6.0	6.0	6.0	6.0	6.0	6.0	6.0	6.0	6.0	6.0	6.0	6.0	6.0	6.0	6.0	6.0	6.0	6.0	6.0	6.0	6.0	6.0	6.0	6.0	6.0	6.0	6.0	6.0	6.0	6.0	6.0	6.0	
Pe0	5.0	5.0	5.0	5.0	5.0	5.0	5.0	5.0	5.0	5.0	5.0	5.0	5.0	5.0	5.0	5.0	5.0	5.0	5.0	5.0	5.0	5.0	5.0	5.0	5.0	5.0	5.0	5.0	5.0	5.0	5.0	5.0	5.0	5.0	5.0	5.0	5.0	5.0	5.0	5.0	5.0	5.0	5.0	5.0	5.0	5.0	5.0	5.0	5.0	5.0	5.0	5.0	5.0	5.0	5.0	5.0	5.0	5.0	5.0	5.0	5.0	5.0	5.0	5.0	5.0	5.0	5.0	
I1e0	5.0	5.0	5.0	5.0	5.0	5.0	5.0	5.0	5.0	5.0	5.0	5.0	5.0	5.0	5.0	5.0	5.0	5.0	5.0	5.0	5.0	5.0	5.0	5.0	5.0	5.0	5.0	5.0	5.0	5.0	5.0	5.0	5.0	5.0	5.0	5.0	5.0	5.0	5.0	5.0	5.0	5.0	5.0	5.0	5.0	5.0	5.0	5.0	5.0	5.0	5.0	5.0	5.0	5.0	5.0	5.0	5.0	5.0	5.0	5.0	5.0	5.0	5.0	5.0	5.0	5.0	5.0	
I2e0	5.0	5.0	5.0	5.0	5.0	5.0	5.0	5.0	5.0	5.0	5.0	5.0	5.0	5.0	5.0	5.0	5.0	5.0	5.0	5.0	5.0	5.0	5.0	5.0	5.0	5.0	5.0	5.0	5.0	5.0	5.0	5.0	5.0	5.0	5.0	5.0	5.0	5.0	5.0	5.0	5.0	5.0	5.0	5.0	5.0	5.0	5.0	5.0	5.0	5.0	5.0	5.0	5.0	5.0	5.0	5.0	5.0	5.0	5.0	5.0	5.0	5.0	5.0	5.0	5.0	5.0	5.0	
I3e0	5.0	5.0	5.0	5.0	5.0	5.0	5.0	5.0	5.0	5.0	5.0	5.0	5.0	5.0	5.0	5.0	5.0	5.0	5.0	5.0	5.0	5.0	5.0	5.0	5.0	5.0	5.0	5.0	5.0	5.0	5.0	5.0	5.0	5.0	5.0	5.0	5.0	5.0	5.0	5.0	5.0	5.0	5.0	5.0	5.0	5.0	5.0	5.0	5.0	5.0	5.0	5.0	5.0	5.0	5.0	5.0	5.0	5.0	5.0	5.0	5.0	5.0	5.0	5.0	5.0	5.0	5.0	
I4e0	5.0	5.0	5.0	5.0	5.0	5.0	5.0	5.0	5.0	5.0	5.0	5.0	5.0	5.0	5.0	5.0	5.0	5.0	5.0	5.0	5.0	5.0	5.0	5.0	5.0	5.0	5.0	5.0	5.0	5.0	5.0	5.0	5.0	5.0	5.0	5.0	5.0	5.0	5.0	5.0	5.0	5.0	5.0	5.0	5.0	5.0	5.0	5.0	5.0	5.0	5.0	5.0	5.0	5.0	5.0	5.0	5.0	5.0	5.0	5.0	5.0	5.0	5.0	5.0	5.0	5.0	5.0	
Pr0	0.56	0.56	0.56	0.56	0.56	0.56	0.56	0.56	0.56	0.56	0.56	0.56	0.56	0.56	0.56	0.56	0.56	0.56	0.56	0.56	0.56	0.56	0.56	0.56	0.56	0.56	0.56	0.56	0.56	0.56	0.56	0.56	0.56	0.56	0.56	0.56	0.56	0.56	0.56	0.56	0.56	0.56	0.56	0.56	0.56	0.56	0.56	0.56	0.56	0.56	0.56	0.56	0.56	0.56	0.56	0.56	0.56	0.56	0.56	0.56	0.56	0.56	0.56	0.56	0.56	0.56	0.56	
I1r0	0.56	0.56	0.56	0.56	0.56	0.56	0.56	0.56	0.56	0.56	0.56	0.56	0.56	0.56	0.56	0.56	0.56	0.56	0.56	0.56	0.56	0.56	0.56	0.56	0.56	0.56	0.56	0.56	0.56	0.56	0.56	0.56	0.56	0.56	0.56	0.56	0.56	0.56	0.56	0.56	0.56	0.56	0.56	0.56	0.56	0.56	0.56	0.56	0.56	0.56	0.56	0.56	0.56	0.56	0.56	0.56	0.56	0.56	0.56	0.56	0.56	0.56	0.56	0.56	0.56	0.56	0.56	
I2r0	0.56	0.56	0.56	0.56	0.56	0.56	0.56	0.56	0.56	0.56	0.56	0.56	0.56	0.56	0.56	0.56	0.56	0.56	0.56	0.56	0.56	0.56	0.56	0.56	0.56	0.56	0.56	0.56	0.56	0.56	0.56	0.56	0.56	0.56	0.56	0.56	0.56	0.56	0.56	0.56	0.56	0.56	0.56	0.56	0.56	0.56	0.56	0.56	0.56	0.56	0.56	0.56	0.56	0.56	0.56	0.56	0.56	0.56	0.56	0.56	0.56	0.56	0.56	0.56	0.56	0.56	0.56	
I3r0	0.56	0.56	0.56	0.56	0.56	0.56	0.56	0.56	0.56	0.56	0.56	0.56	0.56	0.56	0.56	0.56	0.56	0.56	0.56	0.56	0.56	0.56	0.56	0.56	0.56	0.56	0.56	0.56	0.56	0.56	0.56	0.56	0.56	0.56	0.56	0.56	0.56	0.56	0.56	0.56	0.56	0.56	0.56	0.56	0.56	0.56	0.56	0.56	0.56	0.56	0.56	0.56	0.56	0.56	0.56	0.56	0.56	0.56	0.56	0.56	0.56	0.56	0.56	0.56	0.56	0.56	0.56	
I4r0	0.56	0.56	0.56	0.56	0.56	0.56	0.56	0.56	0.56	0.56	0.56	0.56	0.56	0.56	0.56	0.56	0.56	0.56	0.56	0.56	0.56	0.56	0.56	0.56	0.56	0.56	0.56	0.56	0.56	0.56	0.56	0.56	0.56	0.56	0.56	0.56	0.56	0.56	0.56	0.56	0.56	0.56	0.56	0.56	0.56	0.56	0.56	0.56	0.56	0.56	0.56	0.56	0.56	0.56	0.56	0.56	0.56	0.56	0.56	0.56	0.56	0.56	0.56	0.56	0.56	0.56	0.56	
Pm	40.0	70.0	70.0	70.0	70.0	70.0	70.0	70.0	70.0	70.0	70.0	70.0	70.0	70.0	70.0	70.0	70.0	70.0	70.0	70.0	70.0	70.0	70.0	70.0	70.0	70.0	70.0	70.0	70.0	70.0	70.0	70.0	70.0	70.0	70.0	70.0	70.0	70.0	70.0	70.0	70.0	70.0	70.0	70.0	70.0	70.0	70.0	70.0	70.0	70.0	70.0	70.0	70.0	70.0	70.0	70.0	70.0	70.0	70.0	70.0	70.0	70.0	70.0	70.0	70.0	70.0	70.0	
I1m	0.0	0.0	0.0	0.0	0.0	0.0	0.0	0.0	0.0	0.0	0.0	0.0	0.0	0.0	0.0	0.0	0.0	0.0	0.0	0.0	0.0	0.0	0.0	0.0	0.0	0.0	0.0	0.0	0.0	0.0	0.0	0.0	0.0	0.0	0.0	0.0	0.0	0.0	0.0	0.0	0.0	0.0	0.0	0.0	0.0	0.0	0.0	0.0	0.0	0.0	0.0	0.0	0.0	0.0	0.0	0.0	0.0	0.0	0.0	0.0	0.0	0.0	0.0	0.0	0.0	0.0	0.0	
I2m	0.0	0.0	0.0	0.0	0.0	0.0	0.0	0.0	0.0	0.0	0.0	0.0	0.0	0.0	0.0	0.0	0.0	0.0	0.0	0.0	0.0	0.0	0.0	0.0	0.0	0.0	0.0	0.0	0.0	0.0	0.0	0.0	0.0	0.0	0.0	0.0	0.0	0.0	0.0	0.0	0.0	0.0	0.0	0.0	0.0	0.0	0.0	0.0	0.0	0.0	0.0	0.0	0.0	0.0	0.0	0.0	0.0	0.0	0.0	0.0	0.0	0.0	0.0	0.0	0.0	0.0	0.0	
I3m	0.0	0.0	0.0	0.0	0.0	0.0	0.0	0.0	0.0	0.0	0.0	0.0	0.0	0.0	0.0	0.0	0.0	0.0	0.0	0.0	0.0	0.0	0.0	0.0	0.0	0.0	0.0	0.0	0.0	0.0	0.0	0.0	0.0	0.0	0.0	0.0	0.0	0.0	0.0	0.0	0.0	0.0	0.0	0.0	0.0	0.0	0.0	0.0	0.0	0.0	0.0	0.0	0.0	0.0	0.0	0.0	0.0	0.0	0.0	0.0	0.0	0.0	0.0	0.0	0.0	0.0	0.0	
I4m	0.0	0.0	0.0	0.0	0.0	0.0	0.0	0.0	0.0	0.0	0.0	0.0	0.0	0.0	0.0	0.0	0.0	0.0	0.0	0.0	0.0	0.0	0.0	0.0	0.0	0.0	0.0	0.0	0.0	0.0	0.0	0.0	0.0	0.0	0.0	0.0	0.0	0.0	0.0	0.0	0.0	0.0	0.0	0.0	0.0	0.0	0.0	0.0	0.0	0.0	0.0	0.0	0.0	0.0	0.0	0.0	0.0	0.0	0.0	0.0	0.0	0.0	0.0	0.0	0.0	0.0	0.0	
Ps	2.0	2.0	2.0	2.0	2.0	2.0	2.0	2.0	2.0	2.0	2.0	2.0	2.0	2.0	2.0	2.0	2.0	2.0	2.0	2.0	2.0	2.0	2.0	2.0	2.0	2.0	2.0	2.0	2.0	2.0	2.0	2.0	2.0	2.0	2.0	2.0	2.0	2.0	2.0	2.0	2.0	2.0	2.0	2.0	2.0	2.0	2.0	2.0	2.0	2.0	2.0	2.0	2.0	2.0	2.0	2.0	2.0	2.0	2.0	2.0	2.0	2.0	2.0	2.0	2.0	2.0	2.0	
I1s	0.0	0.0	0.0	0.0	0.0	0.0	0.0	0.0	0.0	0.0	0.0	0.0	0.0	0.0	0.0	0.0	0.0	0.0	0.0	0.0	0.0	0.0	0.0	0.0	0.0	0.0	0.0	0.0	0.0	0.0	0.0	0.0	0.0	0.0	0.0	0.0	0.0	0.0	0.0	0.0	0.0	0.0	0.0	0.0	0.0	0.0	0.0	0.0	0.0	0.0	0.0	0.0	0.0	0.0	0.0	0.0	0.0	0.0	0.0	0.0	0.0	0.0	0.0	0.0	0.0	0.0	0.0	
I2s	0.0	0.0	0.0	0.0	0.0	0.0	0.0	0.0	0.0	0.0	0.0	0.0	0.0	0.0	0.0	0.0	0.0	0.0	0.0	0.0	0.0	0.0	0.0	0.0	0.0	0.0	0.0	0.0	0.0	0.0	0.0	0.0	0.0	0.0	0.0	0.0	0.0	0.0	0.0	0.0	0.0	0.0	0.0	0.0	0.0	0.0	0.0	0.0	0.0	0.0	0.0	0.0	0.0	0.0	0.0	0.0	0.0	0.0	0.0	0.0	0.0	0.0	0.0	0.0	0.0	0.0	0.0	
I3s	0.0	0.0	0.0	0.0	0.0	0.0	0.0	0.0	0.0	0.0	0.0	0.0	0.0	0.0	0.0	0.0	0.0	0.0	0.0	0.0	0.0	0.0	0.0	0.0	0.0	0.0	0.0	0.0	0.0	0.0	0.0	0.0	0.0	0.0	0.0	0.0	0.0	0.0	0.0	0.0	0.0	0.0	0.0	0.0	0.0	0.0	0.0	0.0	0.0	0.0	0.0	0.0	0.0	0.0	0.0	0.0	0.0	0.0	0.0	0.0	0.0	0.0	0.0	0.0	0.0	0.0	0.0	
I4s	0.0	0.0	0.0	0.0	0.0	0.0	0.0	0.0	0.0	0.0	0.0	0.0	0.0	0.0	0.0	0.0	0.0	0.0	0.0	0.0	0.0	0.0	0.0	0.0	0.0	0.0	0.0	0.0	0.0	0.0	0.0	0.0	0.0	0.0	0.0	0.0	0.0	0.0	0.0	0.0	0.0	0.0	0.0	0.0	0.0	0.0	0.0	0.0	0.0	0.0	0.0	0.0	0.0	0.0	0.0	0.0	0.0	0.0	0.0	0.0	0.0	0.0	0.0	0.0	0.0	0.0	0.0	
Pcoef	1.0	1.0	1.0	1.0	1.0	1.0	1.0	1.0	1.0	1.0	1.0	1.0	1.0	1.0	1.0	1.0	1.0	1.0	1.0	1.0	1.0	1.0	1.0	1.0	1.0	1.0	1.0	1.0	1.0	1.0	1.0	1.0	1.0	1.0	1.0	1.0	1.0	1.0	1.0	1.0	1.0	1.0	1.0	1.0	1.0	1.0	1.0	1.0	1.0	1.0	1.0	1.0	1.0	1.0	1.0	1.0	1.0	1.0	1.0	1.0	1.0	1.0	1.0	1.0	1.0	1.0	1.0	
I1coef	0.0	0.0	0.0	0.0	0.0	0.0	0.0	0.0	0.0	0.0	0.0	0.0	0.0	0.0	0.0	0.0	0.0	0.0	0.0	0.0	0.0	0.0	0.0	0.0	0.0	0.0	0.0	0.0	0.0	0.0	0.0	0.0	0.0	0.0	0.0	0.0	0.0	0.0	0.0	0.0	0.0	0.0	0.0	0.0	0.0	0.0	0.0	0.0	0.0	0.0	0.0	0.0	0.0	0.0	0.0	0.0	0.0	0.0	0.0	0.0	0.0	0.0	0.0	0.0	0.0	0.0	0.0	
I2coef	0.0	0.0	0.0	0.0	0.0	0.0	0.0	0.0	0.0	0.0	0.0	0.0	0.0	0.0	0.0	0.0	0.0	0.0	0.0	0.0	0.0	0.0	0.0	0.0	0.0	0.0	0.0	0.0	0.0	0.0	0.0	0.0	0.0	0.0	0.0	0.0	0.0	0.0	0.0	0.0	0.0	0.0	0.0	0.0	0.0	0.0	0.0	0.0	0.0	0.0	0.0	0.0	0.0	0.0	0.0	0.0	0.0	0.0	0.0	0.0	0.0	0.0	0.0	0.0	0.0	0.0	0.0	
I3coef	0.0	0.0	0.0	0.0	0.0	0.0	0.0	0.0	0.0	0.0	0.0	0.0	0.0	0.0	0.0	0.0	0.0	0.0	0.0	0.0	0.0	0.0	0.0	0.0	0.0	0.0	0.0	0.0	0.0	0.0	0.0	0.0	0.0	0.0	0.0	0.0	0.0	0.0	0.0	0.0	0.0	0.0	0.0	0.0	0.0	0.0	0.0	0.0	0.0	0.0	0.0	0.0	0.0	0.0	0.0	0.0	0.0	0.0	0.0	0.0	0.0	0.0	0.0	0.0	0.0	0.0	0.0	
I4coef	0.0	0.0	0.0	0.0	0.0	0.0	0.0	0.0	0.0	0.0	0.0	0.0	0.0	0.0	0.0	0.0	0.0	0.0	0.0	0.0	0.0	0.0	0.0	0.0	0.0	0.0	0.0	0.0	0.0	0.0	0.0	0.0	0.0	0.0	0.0	0.0	0.0	0.0	0.0	0.0	0.0	0.0	0.0	0.0	0.0	0.0	0.0	0.0	0.0	0.0	0.0	0.0	0.0	0.0	0.0	0.0	0.0	0.0	0.0	0.0	0.0	0.0	0.0	0.0	0.0	0.0	0.0	
k_P	1.0	1.0	1.0	1.0	1.0	1.0	1.0	1.0	1.0	1.0	1.0	1.0	1.0	1.0	1.0	1.0	1.0	1.0	1.0	1.0	1.0	1.0	1.0	1.0	1.0	1.0	1.0	1.0	1.0	1.0	1.0	1.0	1.0	1.0	1.0	1.0	1.0	1.0	1.0	1.0	1.0	1.0	1.0	1.0	1.0	1.0	1.0	1.0	1.0	1.0	1.0	1.0	1.0	1.0	1.0	1.0	1.0	1.0	1.0	1.0	1.0	1.0	1.0	1.0	1.0	1.0	1.0	
k_Pp	1.0	1.0	1.0	1.0	1.0	1.0	1.0	1.0	1.0	1.0	1.0	1.0	1.0	1.0	1.0	1.0	1.0	1.0	1.0	1.0	1.0	1.0	1.0	1.0	1.0	1.0	1.0	1.0	1.0	1.0	1.0	1.0	1.0	1.0	1.0	1.0	1.0	1.0	1.0	1.0	1.0	1.0	1.0	1.0	1.0	1.0	1.0	1.0	1.0	1.0	1.0	1.0	1.0	1.0	1.0	1.0	1.0	1.0	1.0	1.0	1.0	1.0	1.0	1.0	1.0	1.0	1.0	
k_I1	1.0	1.0	1.0	1.0	1.0	1.0	1.0	1.0	1.0	1.0	1.0	1.0	1.0	1.0	1.0	1.0	1.0	1.0	1.0	1.0	1.0	1.0	1.0	1.0	1.0	1.0	1.0	1.0	1.0	1.0	1.0	1.0	1.0	1.0	1.0	1.0	1.0	1.0	1.0	1.0	1.0	1.0	1.0	1.0	1.0	1.0	1.0	1.0	1.0	1.0	1.0	1.0	1.0	1.0	1.0	1.0	1.0	1.0	1.0	1.0	1.0	1.0	1.0	1.0	1.0	1.0	1.0	
k_I2	1.0	1.0	1.0	1.0	1.0	1.0	1.0	1.0	1.0	1.0	1.0	1.0	1.0	1.0	1.0	1.0	1.0	1.0	1.0	1.0	1.0	1.0	1.0	1.0	1.0	1.0	1.0	1.0	1.0	1.0	1.0	1.0	1.0	1.0	1.0	1.0	1.0	1.0	1.0	1.0	1.0	1.0	1.0	1.0	1.0	1.0	1.0	1.0	1.0	1.0	1.0	1.0	1.0	1.0	1.0	1.0	1.0	1.0	1.0	1.0	1.0	1.0	1.0	1.0	1.0	1.0	1.0	
k_I3	1.0	1.0	1.0	1.0	1.0	1.0	1.0	1.0	1.0	1.0	1.0	1.0	1.0	1.0	1.0	1.0	1.0	1.0	1.0	1.0	1.0	1.0	1.0	1.0	1.0	1.0	1.0	1.0	1.0	1.0	1.0	1.0	1.0	1.0	1.0	1.0	1.0	1.0	1.0	1.0	1.0	1.0	1.0	1.0	1.0	1.0	1.0	1.0	1.0	1.0	1.0	1.0	1.0	1.0	1.0	1.0	1.0	1.0	1.0	1.0	1.0	1.0	1.0	1.0	1.0	1.0	1.0	
k_I4	1.0	1.0	1.0	1.0	1.0	1.0	1.0	1.0	1.0	1.0	1.0	1.0	1.0	1.0	1.0	1.0	1.0	1.0	1.0	1.0	1.0	1.0	1.0	1.0	1.0	1.0	1.0	1.0	1.0	1.0	1.0	1.0	1.0	1.0	1.0	1.0	1.0	1.0	1.0	1.0	1.0	1.0	1.0	1.0	1.0	1.0	1.0	1.0	1.0	1.0	1.0	1.0	1.0	1.0	1.0	1.0	1.0	1.0	1.0	1.0	1.0	1.0	1.0	1.0	1.0	1.0	1.0	
Name	TH	r_BSTS	r_CAC	r_CMF	r_CUN	r_ENT	r_FP	r_FUS	r_IP	r_IT	r_ISTC	r_LOCC	r_LOF	r_LING	r_MOF	r_MT	r_PARC	r_PARH	r_POPE	r_PORB	r_PTRI	r_PCAL	r_PSTC	r_PC	r_PREC	r_PCUN	r_RAC	r_RMF	r_SF	r_SP	r_ST	r_SMAR	r_TP	r_TT	l_BSTS	l_CAC	l_CMF	l_CUN	l_ENT	l_FP	l_FUS	l_IP	l_IT	l_ISTC	l_LOCC	l_LOF	l_LING	l_MOF	l_MT	l_PARC	l_PARH	l_POPE	l_PORB	l_PTRI	l_PCAL	l_PSTC	l_PC	l_PREC	l_PCUN	l_RAC	l_RMF	l_SF	l_SP	l_ST	l_SMAR	l_TP	l_TT	
Color	#912f19	#193c91	#193c91	#193c91	#193c91	#193c91	#193c91	#193c91	#193c91	#193c91	#193c91	#193c91	#193c91	#193c91	#193c91	#193c91	#193c91	#193c91	#193c91	#193c91	#193c91	#193c91	#193c91	#193c91	#193c91	#193c91	#193c91	#193c91	#193c91	#193c91	#193c91	#193c91	#193c91	#193c91	#193c91	#193c91	#193c91	#193c91	#193c91	#193c91	#193c91	#193c91	#193c91	#193c91	#193c91	#193c91	#193c91	#193c91	#193c91	#193c91	#193c91	#193c91	#193c91	#193c91	#193c91	#193c91	#193c91	#193c91	#193c91	#193c91	#193c91	#193c91	#193c91	#193c91	#193c91	#193c91	#193c91	
CM_info::
Nb_NMM = 67
CM_P_P:
4.241529E+00	7.207772E-02	5.754293E-01	3.488016E+00	4.023253E+00	4.612097E+00	4.161220E+00	4.767608E+00	3.319198E+00	4.164879E+00	4.464395E+00	5.443122E+00	3.570278E+00	4.926867E+00	3.478808E+00	1.943651E+00	4.800581E+00	3.243580E+00	1.271876E+00	3.762934E+00	3.721987E+00	4.421600E+00	1.332752E+00	6.192950E+00	6.177296E+00	8.087640E+00	9.387535E-01	6.184514E+00	7.508135E+00	8.541421E+00	1.294968E+00	3.471485E-01	3.842349E+00	2.544477E-01	3.007909E-02	3.321101E-01	2.887920E+00	4.712039E+00	4.536128E+00	3.281840E+00	4.644080E+00	3.328182E+00	3.482409E+00	4.436944E+00	6.317224E+00	3.714318E+00	6.212714E+00	5.190603E+00	2.035212E+00	3.797595E+00	3.497941E+00	2.107285E+00	3.831854E+00	4.155526E+00	5.321659E+00	8.153007E-01	6.676590E+00	5.916710E+00	8.077042E+00	3.161666E-01	6.138267E+00	7.447316E+00	8.569708E+00	1.710704E+00	3.004640E-01	4.482684E+00	1.950012E-01	
7.207772E-02	0.000000E+00	0.000000E+00	4.838386E-01	0.000000E+00	0.000000E+00	8.243095E-02	1.652390E-01	5.696621E+00	1.492377E+00	4.772145E-02	8.386362E-02	3.793578E-01	3.630845E-02	9.770502E-02	5.153242E+00	1.309555E-02	5.176657E-02	1.182907E+00	8.038520E-01	1.549916E+00	0.000000E+00	1.251296E-02	2.788745E-01	5.919817E-01	2.577791E-01	1.447410E-02	2.018164E+00	1.434773E+00	2.402863E+00	4.232790E+00	6.014803E+00	2.432724E-01	3.640093E-01	0.000000E+00	0.000000E+00	0.000000E+00	0.000000E+00	0.000000E+00	0.000000E+00	0.000000E+00	0.000000E+00	0.000000E+00	2.000610E-02	2.001571E-02	1.531869E-02	2.000136E-02	0.000000E+00	0.000000E+00	0.000000E+00	0.000000E+00	0.000000E+00	0.000000E+00	0.000000E+00	0.000000E+00	0.000000E+00	1.902517E-02	0.000000E+00	3.774198E-02	0.000000E+00	1.598223E-02	1.532726E-02	3.785175E-02	0.000000E+00	0.000000E+00	0.000000E+00	0.000000E+00	
5.754293E-01	0.000000E+00	0.000000E+00	1.832594E-02	2.284879E+00	2.444830E+00	4.918788E-01	7.069793E-01	2.791053E-02	7.863352E-02	7.380796E+00	4.988021E-02	1.477946E+00	1.894028E+00	4.878834E+00	5.751431E-02	4.167109E+00	3.015221E+00	5.216713E-02	0.000000E+00	5.895511E-02	2.776565E-01	5.872469E+00	1.240736E-01	4.001513E-02	7.804047E+00	6.309131E+00	2.443903E-01	5.697189E+00	7.790265E-01	3.305506E-01	0.000000E+00	1.626202E+00	0.000000E+00	0.000000E+00	7.316604E+00	1.259404E-01	2.358720E-01	1.111581E-01	1.262802E+00	1.129217E-02	1.478679E-02	4.169378E-02	2.028979E+00	1.523471E-02	1.376549E+00	1.401934E-01	4.452788E+00	8.087763E-02	4.066151E-01	8.950033E-02	1.598512E-01	0.000000E+00	6.599004E-02	5.375241E-02	5.383852E+00	1.655792E-02	9.786493E-02	5.777037E+00	4.320604E+00	6.799188E-01	7.957046E+00	1.483294E-01	2.366896E-01	0.000000E+00	5.369184E-01	0.000000E+00	
3.488016E+00	4.838386E-01	1.832594E-02	0.000000E+00	0.000000E+00	2.589060E-02	4.204310E-02	4.345237E-01	6.233499E+00	2.692144E+00	0.000000E+00	4.064654E-01	4.107603E-02	0.000000E+00	2.642852E-02	2.765360E+00	9.324374E-02	1.516943E-02	6.663608E+00	1.600748E-01	2.180058E+00	0.000000E+00	0.000000E+00	6.317710E+00	6.792174E+00	7.267690E-02	0.000000E+00	5.724086E+00	6.901134E+00	4.203038E+00	5.082673E-01	2.142858E+00	1.016556E-01	4.066997E-02	0.000000E+00	5.128380E-02	4.280354E+00	0.000000E+00	1.571933E-02	1.565473E-02	6.551894E-02	1.579566E-01	6.586630E-02	0.000000E+00	1.418903E-01	0.000000E+00	1.939258E-02	0.000000E+00	4.944177E-02	3.228066E-01	1.585366E-02	9.228703E-01	4.404758E-02	9.662897E-02	0.000000E+00	6.935939E-02	2.655854E-01	2.638226E+00	1.517683E-01	0.000000E+00	2.008015E+00	7.317508E+00	5.126600E-01	0.000000E+00	1.534183E-02	1.593174E-02	0.000000E+00	
4.023253E+00	0.000000E+00	2.284879E+00	0.000000E+00	0.000000E+00	5.224891E+00	2.286596E+00	4.192546E+00	1.319133E-01	1.813682E+00	7.785021E+00	4.643127E+00	3.127887E+00	6.377954E+00	2.158411E+00	1.310601E+00	0.000000E+00	6.572703E+00	1.807936E-02	1.855961E+00	9.026892E-01	5.463639E+00	1.890615E+00	5.142763E-02	0.000000E+00	4.087498E+00	1.640646E+00	3.200748E+00	2.699363E+00	4.909540E+00	1.456734E+00	0.000000E+00	2.456855E+00	5.419826E-02	0.000000E+00	1.037011E+00	1.807248E-02	4.713051E+00	1.102634E+00	2.326017E-01	8.739538E-01	2.261892E-01	4.128391E-01	8.095691E+00	8.300471E+00	6.214580E-01	5.906962E+00	1.398448E+00	1.784023E-01	4.763033E-02	1.095778E+00	1.738099E-02	3.798092E-01	1.105426E-01	7.719046E+00	1.177706E+00	1.003722E-01	1.922450E-02	5.886826E+00	9.138133E-01	6.126701E-01	1.637959E+00	9.130492E+00	3.820123E-01	0.000000E+00	6.513248E-01	0.000000E+00	
4.612097E+00	0.000000E+00	2.444830E+00	2.589060E-02	5.224891E+00	0.000000E+00	1.762418E+00	3.418827E+00	1.993799E+00	2.594398E+00	6.215353E+00	3.937508E+00	4.271569E+00	5.061145E+00	3.896333E+00	9.193054E-01	1.456825E-02	5.517267E+00	0.000000E+00	9.391884E-01	4.788243E-01	2.673972E+00	2.643096E+00	5.462857E-02	2.741260E-02	7.562355E+00	2.366322E+00	2.133389E+00	3.107781E+00	6.388235E+00	1.290424E+00	2.402092E-02	3.369969E+00	1.467367E-01	0.000000E+00	1.055491E-01	0.000000E+00	1.120707E+00	6.428839E-01	1.781414E-01	1.878005E-01	6.770331E-02	1.484202E-01	2.488548E+00	4.108626E-01	3.698790E-01	1.434972E+00	1.096703E+00	7.818230E-02	1.360238E-01	4.112690E-01	0.000000E+00	5.492412E-02	5.570679E-02	1.156573E+00	5.157236E-01	2.215705E-01	6.837419E-02	3.487797E+00	1.528706E-01	1.358910E-01	7.897060E-01	2.293515E+00	1.417089E-01	0.000000E+00	4.934495E-01	0.000000E+00	
4.161220E+00	8.243095E-02	4.918788E-01	4.204310E-02	2.286596E+00	1.762418E+00	0.000000E+00	2.805312E+00	2.759799E+00	1.974879E+00	1.105665E+00	5.135075E+00	3.307010E+00	5.519242E+00	3.018149E+00	3.377507E+00	1.266430E-01	1.481785E+00	0.000000E+00	1.506298E+00	3.223473E-01	3.377474E+00	3.331831E-01	9.876452E-01	4.381843E-01	1.096916E+00	1.626416E+00	3.293374E+00	3.710382E+00	3.996722E+00	4.120635E+00	2.552356E-01	4.863697E+00	5.328945E-02	0.000000E+00	1.309600E+00	7.445494E-02	8.479680E-01	2.194833E-01	7.889077E+00	3.197826E-01	1.317306E-01	2.136127E-01	9.982757E-01	1.083898E+00	5.608961E+00	1.755634E+00	7.741718E+00	2.859162E-01	1.469947E-02	1.739444E-01	3.098532E-02	6.480643E-01	4.368833E-01	8.203586E-01	1.181589E+00	9.435182E-02	3.051488E-02	1.867732E+00	3.593047E+00	7.075357E+00	7.555378E+00	1.120122E+00	6.961240E-01	0.000000E+00	1.308415E+00	0.000000E+00	
4.767608E+00	1.652390E-01	7.069793E-01	4.345237E-01	4.192546E+00	3.418827E+00	2.805312E+00	0.000000E+00	7.120424E+00	4.070727E+00	4.713408E+00	5.700304E+00	4.486586E+00	4.174516E+00	2.550996E+00	5.119110E+00	4.366488E-02	3.875989E+00	2.318924E-01	3.441982E+00	2.191302E+00	3.844848E+00	6.755293E-01	3.674754E-01	4.146597E-01	5.998793E+00	9.052785E-01	5.058593E+00	2.440448E+00	7.257651E+00	4.217148E+00	1.858081E-01	3.552491E+00	4.840225E-01	0.000000E+00	2.955100E-02	0.000000E+00	9.423837E-01	2.124124E-01	1.498892E-01	8.923752E-01	3.813541E-01	7.776714E-01	1.100674E+00	1.045933E+00	3.922741E-01	1.405444E+00	1.482650E+00	3.607879E-01	3.334214E-02	1.604235E-01	0.000000E+00	1.579046E-01	9.814481E-02	6.612418E-01	1.242966E-01	1.181181E-01	8.419548E-02	2.274379E+00	7.941909E-02	3.398085E-01	4.573793E-01	2.383368E+00	2.702120E-01	0.000000E+00	1.001027E+00	1.782883E-02	
3.319198E+00	5.696621E+00	2.791053E-02	6.233499E+00	1.319133E-01	1.993799E+00	2.759799E+00	7.120424E+00	0.000000E+00	8.000082E+00	2.550213E-01	4.941650E+00	5.272887E+00	7.826899E-01	2.416255E+00	7.002490E+00	6.066643E-02	2.421308E+00	6.312626E+00	5.595435E+00	6.118799E+00	1.349833E-01	4.584855E-02	7.652463E+00	8.413880E+00	1.522076E+00	4.868410E-01	6.925313E+00	5.868590E+00	7.061987E+00	7.327200E+00	5.876818E+00	3.527920E+00	4.426946E+00	0.000000E+00	1.773478E-02	2.338092E-01	6.757873E-01	4.836327E-02	3.476261E-02	2.384433E-01	7.786618E-01	3.058752E-01	2.740286E-01	1.251982E+00	1.787785E-01	8.357087E-01	6.997477E-01	1.038591E-01	2.375856E-01	5.170005E-02	3.429405E-02	1.260912E-01	1.406838E-01	5.020994E-01	2.111810E-02	1.204362E-01	6.007331E-01	1.690028E+00	0.000000E+00	3.198171E-01	1.321279E+00	2.538305E+00	1.258438E-01	0.000000E+00	3.328393E-01	3.634545E-02	
4.164879E+00	1.492377E+00	7.863352E-02	2.692144E+00	1.813682E+00	2.594398E+00	1.974879E+00	4.070727E+00	8.000082E+00	0.000000E+00	1.607195E+00	5.149101E+00	3.627575E+00	6.163614E+00	2.702320E+00	4.498617E+00	2.571759E-02	4.773561E+00	1.973714E+00	2.611225E+00	3.124184E+00	3.135219E+00	8.221857E-02	1.605163E+00	2.635639E+00	1.798896E+00	7.690267E-01	5.209706E+00	3.486272E+00	6.120316E+00	4.700641E+00	4.626946E+00	3.682727E+00	6.677649E-01	0.000000E+00	3.084442E-02	9.443528E-02	5.202504E-01	2.031812E-01	5.285157E-02	9.526165E-01	3.585997E-01	1.167494E+00	3.640821E-01	1.188225E+00	6.377565E-01	1.217193E+00	1.511124E+00	5.249279E-01	5.079980E-02	5.007875E-02	0.000000E+00	1.766538E-01	1.348091E-01	6.462605E-01	1.644270E-02	1.688471E-02	1.639723E-01	1.339575E+00	9.361141E-02	3.175009E-01	3.323442E-01	1.819737E+00	3.248535E-01	0.000000E+00	1.420938E+00	0.000000E+00	
4.464395E+00	4.772145E-02	7.380796E+00	0.000000E+00	7.785021E+00	6.215353E+00	1.105665E+00	4.713408E+00	2.550213E-01	1.607195E+00	0.000000E+00	4.227070E+00	1.769625E+00	3.891734E+00	3.576713E+00	9.741909E-01	2.938364E-01	5.578501E+00	1.771653E-02	8.253270E-01	4.224264E-01	6.665865E+00	6.004907E+00	1.018026E-01	3.495978E-02	5.951260E+00	6.961401E+00	1.888458E+00	7.486226E+00	8.894548E+00	9.917273E-01	0.000000E+00	3.596032E+00	1.730433E-01	0.000000E+00	1.633113E+00	1.577848E-02	8.767684E+00	1.790016E+00	5.804567E-01	4.980692E-01	3.751329E-01	1.383327E-01	8.867259E+00	4.443928E+00	8.506193E-01	5.489070E+00	2.741223E+00	3.026353E-01	1.026605E+00	2.266198E+00	3.483009E-02	1.924251E-01	1.623183E-01	6.155926E+00	5.284299E+00	9.580776E-01	2.088105E-01	8.788956E+00	1.902171E+00	9.287936E-01	4.009838E+00	9.538025E+00	6.767663E-01	0.000000E+00	6.320193E-01	5.214345E-02	
5.443122E+00	8.386362E-02	4.988021E-02	4.064654E-01	4.643127E+00	3.937508E+00	5.135075E+00	5.700304E+00	4.941650E+00	5.149101E+00	4.227070E+00	0.000000E+00	7.716210E+00	4.355918E+00	5.008482E+00	4.574876E+00	1.581478E-02	4.582100E+00	7.069841E-01	7.137214E+00	4.781963E+00	4.963133E+00	0.000000E+00	1.108393E-01	4.866883E-01	1.553975E+00	1.251606E+00	7.592745E+00	3.417018E+00	5.659828E+00	6.035977E+00	1.484834E-01	6.279428E+00	3.692850E-01	0.000000E+00	1.857796E-02	3.327195E-02	8.962415E+00	3.194662E-01	1.619916E-01	8.688941E-01	9.416338E-01	6.411122E-01	5.033394E+00	9.678433E+00	4.923085E-01	6.084670E+00	1.852364E+00	4.535955E-01	0.000000E+00	4.633655E-01	1.965668E-02	3.634231E-01	2.860039E-01	9.253710E+00	1.467243E-02	3.320841E-02	0.000000E+00	6.391165E+00	6.436203E-02	7.823967E-01	3.292742E-01	9.744625E+00	5.018360E-01	0.000000E+00	9.925897E-01	1.933960E-02	
3.570278E+00	3.793578E-01	1.477946E+00	4.107603E-02	3.127887E+00	4.271569E+00	3.307010E+00	4.486586E+00	5.272887E+00	3.627575E+00	1.769625E+00	7.716210E+00	0.000000E+00	7.824608E+00	3.401012E+00	5.162492E+00	7.361932E-02	2.159653E+00	1.531117E+00	4.123863E+00	4.687639E+00	5.448125E+00	1.041273E+00	2.008613E+00	7.635921E-01	2.233748E+00	3.382882E+00	3.957436E+00	1.134444E+00	6.198825E+00	6.342853E+00	1.578431E+00	6.130112E+00	7.451867E-01	0.000000E+00	9.800020E-01	1.343980E-02	1.351917E+00	2.605395E-01	2.673013E+00	4.919137E-01	1.481195E-01	5.484819E-01	1.163019E+00	2.273729E+00	4.341180E+00	2.782182E+00	5.763681E+00	5.530864E-01	3.504974E-02	2.155878E-01	3.348495E-02	4.844585E-01	2.706785E-01	1.661943E+00	8.682883E-01	0.000000E+00	1.528393E-02	2.135233E+00	1.959049E+00	1.893837E+00	1.501193E+00	2.032017E+00	1.111837E+00	0.000000E+00	2.060196E+00	1.796229E-02	
4.926867E+00	3.630845E-02	1.894028E+00	0.000000E+00	6.377954E+00	5.061145E+00	5.519242E+00	4.174516E+00	7.826899E-01	6.163614E+00	3.891734E+00	4.355918E+00	7.824608E+00	0.000000E+00	5.658727E+00	5.394522E+00	2.885345E-02	3.933580E+00	2.875252E-01	6.751368E+00	3.494604E+00	4.966638E+00	1.702486E+00	0.000000E+00	8.051038E-02	4.582177E+00	2.218087E+00	7.362590E+00	3.875025E+00	7.502500E+00	4.469647E+00	0.000000E+00	5.673060E+00	0.000000E+00	0.000000E+00	2.681974E-01	0.000000E+00	5.773582E+00	9.399963E-01	3.507762E-01	1.426965E+00	5.446512E-01	9.603582E-01	5.559251E+00	6.336830E+00	1.588177E+00	3.903707E+00	2.935076E+00	8.929232E-01	6.592595E-02	7.531824E-01	5.286379E-02	8.546941E-01	4.322035E-01	6.721657E+00	3.638872E-01	1.026225E-01	0.000000E+00	4.285056E+00	3.626030E-01	1.361488E+00	1.091389E+00	6.775426E+00	7.917798E-01	0.000000E+00	1.292553E+00	0.000000E+00	
3.478808E+00	9.770502E-02	4.878834E+00	2.642852E-02	2.158411E+00	3.896333E+00	3.018149E+00	2.550996E+00	2.416255E+00	2.702320E+00	3.576713E+00	5.008482E+00	3.401012E+00	5.658727E+00	0.000000E+00	3.676551E+00	2.733481E-01	1.604922E+00	0.000000E+00	6.407876E-01	1.857235E-01	3.517606E+00	4.464477E+00	5.670809E-01	2.548165E-01	4.363795E+00	4.051771E+00	2.168162E+00	4.423012E+00	3.547820E+00	5.790350E+00	1.725406E-01	5.833423E+00	1.179701E-02	0.000000E+00	4.684047E+00	1.521063E-02	1.067642E+00	4.460696E-01	7.731458E+00	6.017432E-01	2.071320E-01	5.186240E-01	2.610422E+00	1.923381E+00	6.453252E+00	2.250788E+00	7.531503E+00	8.448505E-01	2.378389E-01	2.597484E-01	4.821624E-02	4.989220E-01	3.115382E-01	1.124766E+00	4.300742E+00	2.738099E-02	2.837929E-02	4.156753E+00	6.149323E+00	6.275116E+00	7.277931E+00	1.546966E+00	1.707840E+00	2.794122E-02	3.130838E+00	1.720540E-02	
1.943651E+00	5.153242E+00	5.751431E-02	2.765360E+00	1.310601E+00	9.193054E-01	3.377507E+00	5.119110E+00	7.002490E+00	4.498617E+00	9.741909E-01	4.574876E+00	5.162492E+00	5.394522E+00	3.676551E+00	0.000000E+00	0.000000E+00	2.456015E+00	3.630562E+00	4.150146E+00	4.475465E+00	2.727610E+00	8.340110E-02	1.346074E+00	3.283054E+00	1.107388E+00	8.025708E-01	6.313824E+00	4.671971E+00	6.008746E+00	4.275103E+00	7.793080E+00	3.259305E+00	8.394417E-01	0.000000E+00	2.778860E-02	3.243526E-02	3.888787E-01	8.221488E-02	7.841191E-02	3.822861E-01	1.572926E-01	4.356344E-01	3.372389E-01	6.117987E-01	4.492548E-01	9.486222E-01	1.103351E+00	4.349186E-01	1.699841E-02	5.615251E-02	1.574959E-02	6.942073E-02	8.551009E-02	3.490465E-01	2.778856E-02	1.671325E-02	5.256919E-02	5.500551E-01	7.748318E-02	1.889919E-01	4.029016E-01	9.480324E-01	3.718800E-01	0.000000E+00	7.128504E-01	0.000000E+00	
